2,12
0,469
0,455
2,5
0,367
2,3
1,3
0,378
0,382
0,479
0,323
0,322
0,506
0,379
0,397
0,0
0,342
0,505
0,377
0,476
0,364
0,398
0,376
0,362
0,370
0,453
0,355
0,463
0,341
0,373
0,468
1208,25
1209,10
1209,9
1208,24
1208,23
1209,5
1208,4
1208,22
1208,21
1208,20
1208,19
1209,8
1208,18
1208,17
1208,16
1200,7
1208,15
1209,7
1209,6
1208,14
1208,13
1208,12
1208,11
1208,10
1208,9
1208,8
1208,7
0,467
0,477
1140,44
1140,43
1140,42
1140,39
1140,41
1140,40
1140,36
1140,38
1140,37
1140,33
1140,35
1140,34
1140,30
1140,32
1140,31
1140,27
1140,29
1140,28
1140,24
1140,26
1140,25
1140,20
1140,23
1140,22
1140,21
1140,17
1140,19
1140,18
1140,14
1140,16
1140,15
1140,11
1140,13
1140,12
1140,9
1140,10
1140,8
1140,4
1140,7
1140,6
1140,5
1138,6
1138,5
1216,11
1216,10
1216,9
1216,8
1216,7
1216,6
1216,5
1216,4
1216,3
1216,2
1216,1
1216,0
1215,7
1215,6
1215,5
1215,4
1215,3
1215,2
1215,1
1215,0
1214,6
1214,5
1214,4
1214,3
1214,2
1214,1
1214,0
1213,5
1213,4
1213,3
1213,2
1213,1
1213,0
1212,4
1212,3
1212,2
1212,1
1212,0
1211,3
1211,2
1211,1
1211,0
1210,5
1210,4
1210,3
1210,2
1210,1
1210,0
1209,4
1209,3
1209,2
1209,1
1209,0
1208,6
1208,5
1208,3
1208,2
1208,1
1208,0
1207,9
1207,8
1207,7
1207,6
1207,5
1207,4
1207,3
1207,2
1207,1
1207,0
1206,8
1206,7
1206,6
1206,5
1206,4
1206,3
1206,2
1206,1
1206,0
1205,8
1205,7
1205,6
1205,5
1205,4
1205,3
1205,2
1205,1
1205,0
2,19
1204,7
1204,6
1204,5
1204,4
1204,3
1204,2
1204,1
1204,0
1203,7
1203,6
1203,5
1203,4
1203,3
1203,2
1203,1
1203,0
1202,3
1202,2
1202,1
1202,0
1201,6
1201,5
1201,4
1201,3
1201,2
1201,1
1201,0
1200,6
1200,5
0,316
1200,4
1200,3
1200,2
1200,1
1200,0
1199,3
1199,2
1199,1
1199,0
1191,9
1198,8
1198,7
1198,6
1198,5
1198,4
1198,3
1198,2
1198,1
1198,0
1197,7
0,312
1197,6
1197,5
1197,4
1197,3
1197,2
1197,1
1197,0
1196,3
1196,2
1196,1
1196,0
1195,5
1195,4
1195,3
1195,2
1195,1
1195,0
1194,3
1194,2
1194,1
1194,0
1193,5
2,15
1193,4
1193,3
1193,2
1193,1
1193,0
1192,3
1192,2
1192,1
1192,0
1191,8
0,301
1191,7
1191,6
1191,5
1191,4
1191,3
1191,2
1191,1
1191,0
1190,5
1190,4
1190,3
1190,2
1190,1
1190,0
0,508
1189,4
1189,3
1189,2
1189,1
1189,0
1188,3
1188,2
1188,1
1188,0
1187,4
1187,3
1187,2
1187,1
1187,0
1186,3
1186,2
1186,1
1186,0
1185,4
1185,3
1185,2
1185,1
1185,0
1184,3
1184,2
0,504
1184,1
1184,0
1183,6
1183,5
1183,4
1183,3
1183,2
1183,1
1183,0
1182,3
1182,2
1182,1
1182,0
1181,4
1181,3
1181,2
1181,1
1181,0
1180,3
1180,2
1180,1
1180,0
1179,7
1179,6
1179,5
1179,4
1179,3
1179,2
1179,1
1179,0
1178,6
1178,5
1178,4
1178,3
1178,2
1178,1
1178,0
1177,5
1177,4
1177,3
1177,2
1177,1
1177,0
1176,4
1176,3
1176,2
0,496
1176,1
1176,0
1175,3
1175,2
1175,1
1175,0
1174,7
1174,6
1174,5
1174,4
1174,3
1174,2
1174,1
1174,0
1173,6
1173,5
1173,4
1173,3
1173,2
1173,1
1173,0
0,495
1172,5
1172,4
1172,3
1172,2
1172,1
1172,0
1171,5
1171,4
1171,3
1171,2
1171,1
1171,0
1170,4
1170,3
1170,2
1170,1
1170,0
1169,7
1169,6
1169,5
1169,4
1169,3
1169,2
1169,1
1169,0
1168,6
1168,5
1168,4
1168,3
1168,2
1168,1
1168,0
0,492
1167,5
1167,4
1167,3
1167,2
1167,1
1167,0
1166,4
1166,3
1166,2
1166,1
1166,0
1165,3
1165,2
1165,1
1165,0
1164,7
1164,6
1164,5
1164,4
1164,3
1164,2
1164,1
1164,0
1163,6
1163,5
1163,4
1163,3
1163,2
1163,1
1163,0
0,490
1162,5
1162,4
1162,3
1162,2
1162,1
1162,0
0,487
1161,4
1161,3
1161,2
1161,1
1161,0
1160,3
1160,2
1160,1
1160,0
1159,6
1159,5
1159,4
1159,3
1159,2
1159,1
1159,0
1158,4
1158,3
1158,2
1158,1
1158,0
1157,3
1157,2
1157,1
1157,0
1156,6
1156,5
1156,4
1156,3
1156,2
1156,1
1156,0
0,486
1155,5
1155,4
1155,3
1155,2
1155,1
1155,0
0,485
1154,4
1154,3
1154,2
1154,1
1154,0
1153,3
1153,2
1153,1
1153,0
1152,5
1152,4
1152,3
1152,2
1152,1
1152,0
1151,4
1151,3
1151,2
1151,1
1151,0
1150,3
1150,2
1150,1
1150,0
1149,5
1149,4
1149,3
1149,2
1149,1
1149,0
1148,4
1148,3
1148,2
1148,1
1148,0
1147,3
1147,2
1147,1
1147,0
1146,5
1146,4
1146,3
1146,2
1146,1
1146,0
1145,4
1145,3
1145,2
1145,1
1145,0
1144,3
1144,2
1144,1
1144,0
1143,5
1143,4
1143,3
1143,2
1143,1
1143,0
1142,4
1142,3
1142,2
1142,1
1142,0
1141,3
1141,2
1141,1
1141,0
1140,3
1140,2
1140,1
1140,0
1139,3
1139,2
1139,1
1139,0
1138,4
1138,3
1138,2
1138,1
1138,0
1137,3
1137,2
1137,1
1137,0
1136,3
1136,2
1136,1
1136,0
1135,4
1135,3
1135,2
1135,1
1135,0
1134,3
1134,2
1134,1
1134,0
1133,3
1133,2
1133,1
1133,0
1132,3
1132,2
1132,1
1132,0
1131,3
1131,2
1131,1
1131,0
1130,3
1130,2
1130,1
1130,0
1129,5
1129,4
1129,3
1129,2
1129,1
1129,0
1128,4
1128,3
1128,2
1128,1
1128,0
1127,3
1127,2
1127,1
1127,0
1126,7
1126,6
1126,5
1126,4
1126,3
1126,2
1126,1
1126,0
1125,4
1125,3
1125,2
1125,1
1125,0
1124,3
1124,2
1124,1
1124,0
1123,5
1123,4
0,471
1123,3
1123,2
1123,1
1123,0
1122,5
1122,4
1122,3
1122,2
1122,1
1122,0
1121,4
1121,3
1121,2
1121,1
1121,0
1120,3
1120,2
1120,1
1120,0
1119,4
1119,3
1119,2
1119,1
1119,0
1118,4
1118,3
1118,2
1118,1
1118,0
1117,3
1117,2
1117,1
1117,0
1116,5
1116,4
1116,3
1116,2
1116,1
1116,0
1115,4
1115,3
1115,2
1115,1
1115,0
1114,3
1114,2
1114,1
1114,0
1113,3
1113,2
1113,1
1113,0
1112,3
1112,2
1112,1
1112,0
1111,4
1111,3
1111,2
1111,1
1111,0
1110,3
1110,2
1110,1
1110,0
1109,3
1109,2
1109,1
1109,0
1108,4
1108,3
1108,2
1108,1
1108,0
1107,4
1107,3
1107,2
1107,1
1107,0
1106,4
1106,3
1106,2
1106,1
1106,0
1105,4
1105,3
1105,2
1105,1
1105,0
1104,4
1104,3
1104,2
1104,1
1104,0
1103,4
1103,3
1103,2
1103,1
1103,0
1102,4
1102,3
1102,2
1102,1
1102,0
1101,3
1101,2
1101,1
1101,0
1100,4
1100,3
1100,2
1100,1
1100,0
1099,4
1099,3
1099,2
1099,1
1099,0
1098,4
1098,3
1098,2
1098,1
1098,0
1097,5
1097,4
1097,3
1097,2
1097,1
1097,0
1096,3
1096,2
1096,1
1096,0
1095,4
1095,3
1095,2
1095,1
1095,0
1094,3
1094,2
1094,1
1094,0
0,457
0,454
0,452
0,451
0,450
0,448
0,444
0,442
2,13
0,441
0,439
2,9
0,438
1093,9
1093,8
1093,7
1093,6
1093,5
1093,4
1093,3
1093,2
1093,1
1093,0
2,8
1092,9
1092,8
1092,7
1092,6
1092,5
1092,4
1092,3
1092,2
1092,1
1092,0
867,9
867,8
867,7
867,6
867,5
867,4
0,433
866,9
866,8
866,7
866,6
866,5
866,4
1091,6
1091,5
1091,4
1091,3
1091,2
1091,1
1091,0
0,432
1090,44
1090,43
1090,42
1090,39
1090,41
1090,40
1090,36
1090,38
1090,37
1090,33
1090,35
1090,34
1090,30
1090,32
1090,31
1090,27
1090,29
1090,28
1090,24
1090,26
1090,25
1090,20
1090,23
1090,22
1090,21
1090,17
1090,19
1090,18
1090,14
1090,16
1090,15
1090,11
1090,13
1090,12
1090,9
1090,10
1090,8
1090,4
1090,7
1090,6
1090,5
1090,3
1090,2
1090,1
1090,0
0,431
0,430
1089,8
1089,7
1089,6
1089,5
1089,4
1089,3
1089,2
1089,1
1089,0
0,429
1088,7
1088,6
1088,5
1088,4
1088,3
1088,2
1088,1
1088,0
0,428
1087,5
1087,4
1087,3
1087,2
1087,1
1087,0
0,427
1086,4
1086,3
1086,2
1086,1
1086,0
1085,4
1085,3
1085,2
1085,1
1085,0
0,346
1084,4
1084,3
1084,2
1084,1
1084,0
0,348
0,361
1083,4
1083,3
1083,2
1083,1
1083,0
1082,4
1082,3
1082,2
1082,1
1082,0
0,426
0,425
0,352
1081,4
1081,3
1081,2
1081,1
1081,0
0,321
0,424
1080,7
1080,6
1080,5
1080,4
1080,3
1080,2
1080,1
1080,0
0,423
0,422
1079,4
1079,3
1079,2
1079,1
1079,0
0,421
1078,4
1078,3
1078,2
1078,1
1078,0
0,420
1077,4
1077,3
1077,2
1077,1
1077,0
0,306
0,419
0,418
0,417
0,296
0,292
0,288
0,284
0,282
0,278
0,274
0,256
0,243
0,270
1076,5
1076,4
1076,3
1076,2
1076,1
1076,0
0,260
1075,5
1075,4
1075,3
1075,2
0,416
1075,1
1075,0
0,246
0,241
1074,5
1074,4
1074,3
1074,2
1074,1
1074,0
0,415
0,231
0,227
1073,4
1073,3
1073,2
0,414
1073,1
1073,0
0,217
0,213
1072,5
1072,4
1072,3
1072,2
1072,1
1072,0
0,203
0,199
1071,8
1071,7
1071,6
1071,5
1071,4
1071,3
1071,2
1071,1
1071,0
0,61
0,57
1070,4
1070,3
1070,2
1070,1
1070,0
0,47
0,300
0,299
0,298
0,319
0,297
0,295
0,309
0,294
0,293
1069,8
1069,7
1069,6
1069,5
1069,4
1069,3
1069,2
1069,1
1069,0
0,289
0,291
0,290
0,287
0,286
0,318
0,285
0,491
0,283
0,281
0,410
0,280
0,279
1068,4
1068,3
1068,2
1068,1
1068,0
0,277
0,445
0,409
1067,8
1067,7
1067,6
1067,5
1067,4
1067,3
1067,2
0,407
1067,1
1067,0
2,11
0,406
0,405
1066,5
1066,4
1066,3
1066,2
0,2
1066,1
1066,0
0,317
0,276
0,275
0,273
0,272
0,271
0,269
0,268
0,267
0,266
0,265
0,264
0,263
0,262
0,261
0,259
0,258
0,257
0,255
0,254
0,253
0,252
0,251
0,250
0,249
0,248
0,247
0,245
0,244
0,242
0,240
0,239
0,235
0,225
0,221
0,211
0,207
0,197
0,193
0,55
0,51
0,238
0,404
0,237
0,236
1065,5
1065,4
1065,3
1065,2
1065,1
1065,0
0,232
0,234
0,315
0,233
0,403
0,230
0,229
0,228
0,497
0,226
0,224
0,402
0,223
0,222
1064,4
1064,3
1064,2
1064,1
1064,0
0,218
0,220
0,314
0,219
0,413
0,216
0,215
0,214
0,313
0,212
0,210
0,209
0,208
1063,6
1063,5
1063,4
1063,3
1063,2
1063,1
1063,0
0,204
0,206
0,205
0,311
0,202
0,201
0,200
0,198
0,196
0,195
0,194
1062,5
1062,4
1062,3
1062,2
1062,1
1062,0
0,62
0,192
0,63
0,60
0,59
0,58
0,56
0,54
0,53
0,52
1061,5
1061,4
1061,3
1061,2
1061,1
1061,0
0,48
0,50
0,49
0,46
0,45
0,6
1060,5
1060,4
1060,3
1060,2
1060,1
1060,0
0,1
0,401
0,9
0,308
0,8
0,307
0,10
0,305
0,304
0,303
0,302
1059,5
1059,4
1059,3
1059,2
1059,1
1059,0
0,12
0,11
0,488
0,400
1058,4
1058,3
1058,2
1058,1
1058,0
0,399
0,326
1057,6
1057,5
1057,4
1057,3
1057,2
1057,1
1057,0
0,396
0,395
0,334
1056,4
1056,3
1056,2
1056,1
1056,0
0,354
0,394
1055,5
1055,4
1055,3
1055,2
1055,1
1055,0
2,10
0,411
1054,6
1054,5
1054,4
1054,3
1054,2
1054,1
1054,0
0,393
0,499
0,481
0,392
0,408
1053,4
1053,3
1053,2
1053,1
1053,0
0,391
0,390
0,460
1052,4
1052,3
1052,2
1052,1
1052,0
0,389
0,388
0,387
0,338
1051,4
1051,3
1051,2
1051,1
1051,0
2,14
0,375
0,386
0,337
0,357
0,336
0,436
0,330
0,374
0,502
1050,4
1050,3
1050,2
1050,1
1050,0
0,385
0,335
0,435
0,329
0,366
0,456
0,328
0,449
1049,6
1049,5
1049,4
1049,3
1049,2
0,446
1049,1
1049,0
0,507
0,447
0,365
0,356
0,459
0,327
0,443
0,501
0,384
1048,5
1048,4
1048,3
1048,2
0,347
1048,1
1048,0
0,325
0,500
0,363
0,345
0,434
0,511
0,383
1047,6
1047,5
1047,4
1047,3
1047,2
0,344
1047,1
1047,0
0,466
0,381
0,333
0,343
0,465
0,412
0,360
1046,5
1046,4
1046,3
1046,2
0,372
1046,1
1046,0
2,7
0,510
0,371
0,353
0,359
0,503
0,475
0,464
1045,8
1045,7
1045,6
1045,5
1045,4
1045,3
1045,2
1045,1
1045,0
0,324
0,458
0,351
0,380
0,350
0,498
0,440
0,509
1044,7
1044,6
1044,5
1044,4
1044,3
1044,2
0,332
1044,1
1044,0
0,320
0,494
0,480
0,340
0,437
0,462
0,483
0,461
0,369
1043,5
1043,4
1043,3
1043,2
0,358
1043,1
1043,0
2,4
0,473
0,489
0,310
0,493
0,331
0,339
0,368
0,474
2,2
2,0
2,6
0,484
2,16
0,472
0,470
0,349
0,478
0,482
1042,8
1042,7
1042,6
0,7
1042,5
1042,4
1042,3
1042,2
1042,1
1042,0
2,18
1041,9
1041,8
1041,7
1041,6
1041,5
1041,4
1041,3
1041,2
1041,1
1041,0
1040,5
1040,4
1040,3
1040,2
1040,1
1040,0
1039,6
1039,5
1039,4
1039,3
1039,2
1039,1
1039,0
1038,4
1038,3
1038,2
1038,1
1038,0
1037,5
1037,4
1037,3
1037,2
1037,1
1037,0
1036,6
1036,5
1036,4
1036,3
1036,2
1036,1
1036,0
1035,7
1035,6
1035,5
1035,4
1035,3
1035,2
1035,1
1035,0
1034,4
1034,3
1034,2
1034,1
1034,0
1033,5
1033,4
1033,3
1033,2
1033,1
1033,0
1032,8
1032,7
1032,6
1032,5
1032,4
1032,3
1032,2
1032,1
1032,0
1031,4
1031,3
1031,2
1031,1
1031,0
1030,4
1030,3
1030,2
1030,1
1030,0
1029,5
1029,4
1029,3
1029,2
1029,1
1029,0
1028,4
1028,3
1028,2
1028,1
1028,0
1027,8
1027,7
1027,6
1027,5
1027,4
1027,3
1027,2
1027,1
1027,0
1026,7
1026,6
1026,5
1026,4
1026,3
1026,2
1026,1
1026,0
1025,5
1025,4
1025,3
1025,2
1025,1
1025,0
1024,4
1024,3
1024,2
1024,1
1024,0
1023,4
1023,3
1023,2
1023,1
1023,0
1022,4
1022,3
1022,2
1022,1
1022,0
1021,3
1021,2
1021,1
1021,0
1020,4
1020,3
1020,2
1020,1
1020,0
1019,4
1019,3
1019,2
1019,1
1019,0
1018,4
1018,3
1018,2
1018,1
1018,0
1017,7
1017,6
1017,5
1017,4
1017,3
1017,2
1017,1
1017,0
1016,4
1016,3
1016,2
1016,1
1016,0
1015,4
1015,3
1015,2
1015,1
1015,0
1014,5
1014,4
1014,3
1014,2
1014,1
1014,0
1013,5
1013,4
1013,3
1013,2
1013,1
1013,0
1012,5
1012,4
1012,3
1012,2
1012,1
1012,0
1011,4
1011,3
1011,2
1011,1
1011,0
1010,5
1010,4
1010,3
1010,2
1010,1
1010,0
1009,8
1009,7
1009,6
1009,5
1009,4
1009,3
1009,2
1009,1
1009,0
1008,4
1008,3
1008,2
1008,1
1008,0
1007,8
1007,7
1007,6
1007,5
1007,4
1007,3
1007,2
1007,1
1007,0
1006,4
1006,3
1006,2
1006,1
1006,0
1005,8
1005,7
1005,6
1005,5
1005,4
1005,3
1005,2
1005,1
1005,0
1004,5
1004,4
1004,3
1004,2
1004,1
1004,0
1003,5
1003,4
1003,3
1003,2
1003,1
1003,0
1002,4
1002,3
1002,2
1002,1
1002,0
1001,6
1001,5
1001,4
1001,3
1001,2
1001,1
1001,0
1000,5
1000,4
1000,3
1000,2
1000,1
1000,0
999,5
999,4
999,3
999,2
999,1
999,0
998,5
998,4
998,3
998,2
998,1
998,0
997,5
997,4
997,3
997,2
997,1
997,0
996,5
996,4
996,3
996,2
996,1
996,0
995,4
995,3
995,2
995,1
995,0
994,6
994,5
994,4
994,3
994,2
994,1
994,0
993,4
993,3
993,2
993,1
993,0
992,5
992,4
992,3
992,2
992,1
992,0
991,6
991,5
991,4
991,3
991,2
991,1
991,0
990,3
990,2
990,1
990,0
989,4
989,3
989,2
989,1
989,0
988,4
988,3
988,2
988,1
988,0
987,4
987,3
987,2
987,1
987,0
986,3
986,2
986,1
986,0
985,3
985,2
985,1
985,0
984,4
984,3
984,2
984,1
984,0
983,6
983,5
983,4
983,3
983,2
983,1
983,0
982,5
982,4
982,3
982,2
982,1
982,0
981,4
981,3
981,2
981,1
981,0
980,6
980,5
980,4
980,3
980,2
980,1
980,0
979,5
979,4
979,3
979,2
979,1
979,0
978,8
978,7
978,6
978,5
978,4
978,3
978,2
978,1
978,0
977,7
977,6
977,5
977,4
977,3
977,2
977,1
977,0
976,4
976,3
976,2
976,1
976,0
975,5
975,4
975,3
975,2
975,1
975,0
974,8
974,7
974,6
974,5
974,4
974,3
974,2
974,1
974,0
973,9
973,8
973,7
973,6
973,5
973,4
973,3
973,2
973,1
973,0
972,5
972,4
972,3
972,2
972,1
972,0
971,6
971,5
971,4
971,3
971,2
971,1
971,0
970,4
970,3
970,2
970,1
970,0
969,4
969,3
969,2
969,1
969,0
968,5
968,4
968,3
968,2
968,1
968,0
967,5
967,4
967,3
967,2
967,1
967,0
966,6
966,5
966,4
966,3
966,2
966,1
966,0
965,4
965,3
965,2
965,1
965,0
964,4
964,3
964,2
964,1
964,0
963,5
963,4
963,3
963,2
963,1
963,0
962,8
962,7
962,6
962,5
962,4
962,3
962,2
962,1
962,0
961,4
961,3
961,2
961,1
961,0
960,4
960,3
960,2
960,1
960,0
959,5
959,4
959,3
959,2
959,1
959,0
958,4
958,3
958,2
958,1
958,0
957,3
957,2
